8666
8491
3530
7739
988
4558
189
806
7342
4759
5398
3405
7006
824
3604
9017
8407
8754
6058
8974
6141
9293
5661
6555
9460
3317
1381
8012
8360
6607
4865
7026
5098
8395
1117
2439
9305
1306
9597
6648
2417
4995
6405
9424
5819
6361
8441
578
1468
4499
9552
7609
145
5214
4164
5957
8531
5546
3969
3243
8505
8835
6621
3603
3582
4091
2394
2888
5397
1991
5888
7815
3338
8645
7239
9157
5006
2032
6088
6474
6531
5640
435
3028
7206
4600
8985
2090
6498
9307
1685
5003
4494
4659
4958
8076
8750
3705
7316
4147
5696
3204
8314
5387
1849
1905
4544
3208
3937
632
6034
6821
2625
6470
9849
6183
7422
8835
8273
272
8142
6311
5275
8988
970
6585
7064
6072
6642
4381
6571
8691
3937
4886
4078
5787
3143
8622
8995
7081
5607
1381
3902
4584
7851
103
767
5273
5290
9041
5545
9784
1704
7172
8772
2674
110
5837
8746
6752
6570
5317
5443
507
6555
9521
2646
9699
4496
7993
3132
6455
9375
7034
1039
7226
3489
8158
8852
8780
3551
749
8564
5255
4274
7337
7929
4384
9526
3027
7488
2448
4697
9284
2955
1252
8805
5602
7303
9653
3595
435
2460
9322
3821
3499
6549
7311
8010
5401
2443
1561
6150
1007
6817
424
4696
1098
1160
574
4126
8649
3022
5175
7933
2330
2779
3090
4284
83
9096
7879
6870
1556
7202
692
1408
103
4355
9418
1856
6798
979
4358
4157
4148
1135
5206
5247
2295
5780
5725
7296
5155
900
1581
7485
31
1024
1769
114
120
6000
6985
8028
9554
4029
9436
9657
8384
5206
1513
1534
6186
2224
5691
6686
3359
7249
1933
5654
3030
7658
9303
8185
4910
884
2022
4942
8260
3791
1408
8380
6143
4745
6409
5698
5126
2197
1707
3510
7404
9573
1396
9942
1797
3440
2980
5156
689
4914
7162
3719
8924
6465
8256
3835
3702
6630
5129
1962
421
6537
6695
2917
7635
9456
8615
2761
8005
322
2624
1761
9895
4020
8055
1692
7460
1036
6848
4502
5950
363
4573
4874
6828
2830
5061
6882
5812
190
5197
2586
3080
1892
5503
715
7700
4118
9828
5705
4440
2452
7467
688
2825
5522
8732
285
6558
1933
1139
8860
2296
5713
87
5476
4895
5148
2359
707
1691
7556
3293
1123
5800
8796
8190
3500
2914
8018
9205
3707
6823
6672
747
9648
8547
9479
6285
1457
1412
7425
318
60
3138
405
5537
8033
1905
7896
8740
9948
1804
8386
7423
7604
7182
5613
1104
6449
9984
309
6508
6807
3334
7255
2807
8233
3086
9092
9690
851
6517
8
911
9655
6765
6448
4040
5023
696
9133
1323
2500
7519
8747
6456
1053
712
7560
7502
696
4222
362
3855
3908
7617
6662
2141
7056
5755
1831
7907
2272
8192
5170
8280
1309
1619
8672
6332
8667
7805
7656
7520
1676
2755
3976
2730
3467
1537
232
516
2111
595
4371
6019
4564
1034
8160
7972
3141
6343
2231
1765
4535
7402
6397
5845
5373
5070
8529
4040
2875
2537
1560
4552
5292
5537
3634
5112
3426
3866
5628
5537
813
9999
1556
1730
7385
6068
6054
526
2411
8286
2292
6947
5688
8689
9144
1061
111
7673
1453
9339
6563
3014
3891
1855
4903
7525
3319
8329
7743
8947
3866
4909
5299
1774
2991
2684
7842
9045
3211
253
7331
1855
3552
9371
6896
2696
432
7008
370
8238
6347
3285
1252
6590
1492
2507
467
4812
836
4562
3759
1054
5823
9058
2828
8814
8095
7022
7860
7658
7275
1543
5865
828
915
2761
9876
7699
6121
6598
5937
8820
9883
3541
5410
1376
6048
2229
6188
6884
6792
6299
4290
2615
1710
3470
7782
9805
492
1994
7463
4120
3537
9680
1300
4452
2441
1176
8504
4915
7775
4441
3735
7658
7983
5498
5386
383
7727
7926
7268
871
4226
7910
9839
5936
1381
7621
2093
1873
9615
5908
2345
3152
5588
3645
3957
4381
4822
2461
9296
8949
3254
3032
2959
7589
8530
8346
7973
2609
6272
1593
3481
6850
9503
9672
9138
7236
7293
7583
9110
3260
3491
1455
2764
5431
1453
6721
9813
2627
5534
5461
1576
5141
8493
887
2730
3375
9233
7055
5985
1858
8648
5818
5060
4504
5490
4199
1740
9135
1782
7202
2395
1626
5010
5159
7057
6463
8233
3222
9090
3767
8684
7018
5260
7177
7905
7991
6905
3491
1398
9242
5349
6399
5060
6761
903
6902
960
8995
6037
9095
6198
4784
721
1208
9943
4130
7671
8176
7353
3113
8296
6037
131
3556
9566
8036
7899
6471
1527
9298
2065
3228
5697
3477
9990
2952
379
7302
1947
2768
6397
8145
7552
3470
5705
7496
7601
9728
2024
1306
2841
320
3695
9324
229
3261
7361
8128
6085
5240
3778
8150
4821
5827
7980
4811
8779
8359
8465
7079
1128
4863
1576
5032
4685
7282
2528
8638
3362
905
9944
2556
1225
3639
1880
1454
3253
5593
5935
5690
7186
6065
192
2007
1893
8172
3170
7024
6532
1635
4103
4012
2850
2032
9044
7536
5666
7925
2526
9028
8830
2471
1584
6407
2462
9817
4214
5715
5410
6501
7757
2596
2566
7950
4603
4459
6122
7773
7836
2654
5761
8291
3018
8611
323
8415
2499
5989
6340
5026
1370
1522
3849
9306
4281
6311
9123
4847
8379
886
1348
6136
9834
3915
4086
790
4726
6561
4915
2562
9215
676
854
8586
9288
1177
7001
8139
3519
9693
3165
4889
7567
7014
547
1848
3326
9671
6696
8057
6909
8044
545
6743
8311
4632
7533
3038
1193
2449
5600
6760
9477
6454
1698
8765
3984
8699
6905
7503
8392
6422
8744
5959
3437
9291
4160
3115
5314
856
1172
2223
5252
1717
5319
3564
2701
2852
2954
246
1653
8554
3359
1131
1361
5057
6248
5345
3757
9505
9200
8501
5928
7944
813
9365
3587
4973
8832
5254
2181
4
3829
3785
8073
9148
3701
7127
8353
6655
7373
6358
1562
732
7489
2923
5790
90
4620
5899
9595
3820
752
1875
8116
1565
1240
1703
2890
6424
6957
5071
