1007
1024
1031
1034
1036
1038
1039
1053
1054
1061
1098
1104
1104
1111
1117
1123
1128
1131
1135
1139
1149
1160
1172
1176
1177
1193
1208
1209
1225
1240
1252
1252
1300
1306
1306
1309
1317
1323
1348
1361
1370
1376
1381
1381
1381
1396
1398
1408
1408
1412
1453
1453
1454
1455
1457
1459
1468
1492
1513
1522
1527
1534
1537
1543
1556
1556
1560
1561
1562
1565
1576
1576
1581
1584
1593
1619
1626
1635
1653
1676
1685
1691
1692
1698
1703
1704
1707
1710
1717
1730
1740
1761
1765
1769
1774
1782
1797
1804
1831
1848
1849
1855
1855
1856
1858
1873
1875
1880
1892
1893
1898
1902
1905
1905
1925
1933
1933
1947
1962
1991
1994
2007
2022
2024
2032
2032
2065
2090
2093
2111
2141
2181
2197
2223
2224
2229
2231
2272
2292
2294
2295
2296
2327
2330
2345
2359
2394
2395
2411
2417
2439
2441
2443
2448
2449
2452
2460
2461
2462
2464
2471
2499
2500
2507
2526
2528
2531
2537
2556
2562
2566
2586
2596
2609
2615
2624
2625
2627
2646
2654
2674
2684
2696
2701
2723
2730
2730
2755
2761
2761
2764
2768
2779
2807
2825
2828
2830
2841
2850
2852
2852
2875
2888
2890
2914
2917
2923
2952
2954
2955
2959
2980
2991
3014
3018
3022
3027
3028
3030
3032
3038
3080
3086
3090
3094
3113
3115
3132
3138
3141
3143
3152
3165
3170
3185
3185
3201
3204
3208
3211
3222
3225
3228
3231
3243
3253
3254
3260
3261
3285
3293
3317
3319
3326
3334
3338
3359
3359
3362
3375
3405
3426
3437
3440
3467
3470
3470
3477
3481
3489
3491
3491
3499
3500
3510
3519
3530
3537
3541
3551
3552
3556
3564
3582
3587
3595
3603
3604
3622
3630
3634
3639
3645
3695
3701
3702
3705
3707
3708
3719
3735
3757
3759
3767
3778
3785
3791
3792
3820
3821
3829
3835
3836
3849
3855
3866
3866
3891
3902
3908
3915
3937
3937
3957
3969
3976
3984
4012
4020
4029
4040
4040
4058
4078
4086
4091
4103
4118
4120
4126
4130
4147
4148
4157
4160
4164
4181
4199
4212
4214
4222
4226
4247
4274
4281
4284
4290
4326
4350
4355
4355
4358
4371
4381
4381
4384
4440
4441
4452
4459
4494
4496
4499
4502
4504
4535
4544
4552
4558
4562
4564
4573
4584
4600
4603
4620
4632
4659
4677
4685
4696
4697
4726
4745
4759
4784
4811
4812
4821
4822
4847
4863
4865
4874
4886
4889
4895
4903
4909
4910
4914
4915
4915
4925
4942
4958
4973
4995
5003
5006
5010
5023
5026
5032
5057
5060
5060
5061
5070
5071
5073
5098
5112
5126
5129
5141
5148
5155
5156
5159
5167
5170
5175
5197
5206
5206
5214
5240
5247
5252
5254
5255
5260
5264
5273
5275
5290
5292
5299
5314
5317
5319
5345
5349
5373
5386
5387
5397
5398
5401
5410
5410
5431
5443
5454
5461
5474
5476
5490
5498
5503
5522
5534
5537
5537
5537
5545
5546
5588
5593
5600
5602
5607
5613
5628
5640
5654
5661
5666
5688
5690
5691
5696
5697
5698
5705
5705
5713
5715
5725
5740
5755
5761
5780
5781
5787
5790
5800
5812
5818
5819
5823
5827
5837
5845
5865
5888
5899
5908
5928
5935
5936
5937
5950
5951
5957
5959
5985
5989
6000
6019
6034
6037
6037
6048
6054
6058
6065
6068
6072
6085
6085
6088
6121
6122
6136
6141
6143
6150
6183
6186
6188
6198
6248
6272
6285
6299
6311
6311
6327
6332
6340
6343
6347
6358
6361
6397
6397
6399
6405
6407
6409
6422
6424
6448
6449
6454
6455
6456
6463
6465
6470
6471
6474
6498
6501
6508
6517
6531
6532
6537
6549
6555
6555
6558
6561
6563
6570
6571
6585
6590
6598
6607
6621
6630
6642
6648
6655
6662
6672
6686
6695
6696
6721
6743
6752
6760
6761
6765
6765
6792
6798
6807
6817
6821
6823
6828
6848
6850
6870
6882
6884
6887
6896
6896
6902
6905
6905
6909
6922
6947
6957
6962
6963
6985
7001
7006
7008
7014
7018
7022
7024
7026
7034
7055
7056
7057
7064
7079
7079
7081
7123
7127
7153
7162
7172
7177
7182
7186
7202
7202
7206
7214
7226
7236
7239
7249
7255
7268
7275
7282
7293
7296
7302
7303
7311
7316
7322
7331
7337
7342
7353
7361
7373
7385
7402
7404
7422
7423
7425
7460
7463
7467
7472
7485
7488
7489
7491
7496
7502
7503
7519
7520
7520
7525
7533
7536
7552
7556
7560
7567
7583
7589
7601
7604
7609
7617
7621
7635
7656
7658
7658
7658
7671
7671
7673
7699
7700
7727
7739
7743
7757
7773
7775
7782
7805
7815
7836
7842
7851
7860
7879
7896
7899
7905
7906
7907
7910
7925
7926
7929
7933
7944
7950
7972
7973
7980
7983
7991
7993
8005
8010
8012
8018
8028
8033
8036
8044
8055
8057
8068
8073
8076
8095
8116
8128
8134
8137
8139
8142
8145
8150
8158
8160
8172
8176
8185
8190
8192
8233
8233
8238
8246
8256
8260
8273
8280
8285
8286
8291
8296
8311
8314
8329
8346
8353
8359
8360
8362
8379
8380
8384
8384
8386
8392
8395
8407
8415
8441
8465
8491
8493
8501
8504
8505
8510
8517
8529
8530
8531
8545
8547
8554
8564
8564
8586
8611
8615
8622
8638
8645
8648
8649
8666
8667
8672
8684
8689
8691
8699
8713
8718
8732
8740
8744
8746
8747
8750
8754
8765
8772
8779
8780
8796
8805
8814
8820
8830
8832
8835
8835
8840
8852
8860
8869
8873
8924
8947
8949
8974
8985
8988
8995
8995
9005
9017
9028
9031
9041
9044
9045
9052
9058
9090
9090
9092
9095
9096
9110
9117
9123
9133
9135
9138
9144
9148
9155
9157
9200
9205
9215
9233
9242
9284
9288
9291
9293
9296
9298
9303
9305
9306
9307
9322
9324
9339
9365
9371
9375
9418
9424
9436
9456
9460
9477
9479
9503
9505
9521
9526
9552
9554
9566
9573
9595
9597
9602
9615
9648
9653
9655
9657
9671
9672
9680
9690
9693
9699
9708
9728
9784
9798
9805
9813
9817
9828
9834
9839
9849
9876
9883
9889
9895
9942
9943
9944
9948
9984
9990
9999
